GATE_O7_AB: 1684,622,48,35
O7_ARIDSHELTER: 1654,586,48,35
O7_AB01: 1489,626,118,35
O7_ABwelcome: 1609,625,72,35
GATE_O7_TM: 2263,787,48,35
O7_TM01: 2117,786,143,35
O7_TM02: 2000,742,102,78
O7_TM03: 1850,787,143,35
O7_TM04: 1848,749,143,35
O7_thethreepipes: 1782,790,50,35
O7_megawallvents: 1863,832,118,35
O7_wallventinside: 2025,832,48,35
O7_CS0: 2116,835,52,36
O7_CS1: 2113,881,52,72
O7_CS2: 2110,959,48,35
O7_distantview: 2078,1001,52,39
O7_CS4: 1987,955,116,42
O7_S01: 2158,785,56,35
O7_S05: 2030,1003,48,35
O7_CS5: 1859,962,84,35
O7_CS6: 1941,961,48,35
O7_dysonfan: 1801,962,51,38
O7_dysonfan2: 1802,914,52,43
O7_dysoninside: 1716,919,48,35
O7_PR01: 1642,917,49,103
O7_TRADER: 1580,935,48,35
O7_weirdfans: 1454,807,120,35
O7_PR02: 1643,1029,48,38
O7_workinprogress: 1677,1080,140,35
O7_abovedyson: 1802,1015,60,41
O7_waterhouse1: 1423,935,48,35
O7_waterhouse2: 1364,897,50,73
O7_waterhouse3: 1365,984,48,36
O7_waterhouseroof: 1365,1060,52,35
O7_GLOWSIGN: 1410,891,51,36
O7_S07: 1484,933,48,35
O7_thethreepipes2: 1785,747,48,35
O7_dysonfanbottom: 1713,750,50,74
O7_wall: 1636,785,61,35
O7_wallafter: 1458,846,120,77
O7_wallafter2: 1406,848,48,35
O7_DF06: 1587,844,48,35
O7_DF07: 1641,838,48,35
O7_waterhousepour: 1315,851,48,35
O7_TH01: 1262,850,48,35
O7_TH02: 1126,894,48,35
O7_TH09: 1068,894,48,35
O7_TH03: 1128,941,48,35
O7_TH04: 1067,806,192,78
O7_TH05: 1141,983,98,35
O7_TH06: 1008,802,53,40
O7_TH07: 875,803,127,37
O7_TH08: 1396,805,48,35
O7_TH10: 1287,808,105,35
O7_constructionsite: 1052,1028,62,63
O7_ECHO: 1053,1091,62,43
O7_CH01: 1080,984,48,36
O7_CHscav: 994,892,70,38
O7_S06: 14,832,48,35
O7_RH01: 819,802,48,36
O7_RH02: 819,845,48,36
O7_RH03: 819,892,51,36
O7_RH04: 682,892,131,36
O7_RH05: 623,891,54,38
O7_RH06: 756,767,53,81
O7_CHIEFTAINHOME: 759,810,53,38
O7_SHELTERUNLORE: 590,854,48,35
O7_RH07: 653,761,90,35
O7_BEETLEhouse: 709,806,48,34
O7_secretslop: 653,808,53,38
O7_RH10: 564,761,48,35
O7_RH11: 409,761,111,35
O7_RH12: 416,803,58,35
O7_BALLSMALL: 355,718,48,78
O7_wormroof: 831,752,128,37
O7_3HOUSES: 1382,678,72,121
O7_S03: 1385,709,63,27
O7_SWP02: 1242,582,126,35
O7_SWborder: 1345,624,125,37
O7_SW03: 1183,582,52,73
O7_SW04: 1186,666,52,73
O7_SW05: 1126,703,52,35
O7_BALL: 1420,976,208,120
O7_GREENHOUSE: 567,893,53,72
O7_BHview: 410,1019,70,35
O7_BHview2NEW: 408,1061,71,44
O7_SKYSHELTER: 513,1023,48,35
O7_BHmur01: 422,845,48,78
O7_BHmur02: 419,928,49,39
O7_BHmur03: 420,974,49,39
O7_BH02: 479,929,84,35
O7_BH03: 499,977,48,35
O7_BH04: 321,977,94,35
O7_BH05: 323,888,94,35
O7_BH06: 268,901,52,108
O7_BH07: 249,1023,76,35
O7_BH08: 192,986,48,78
O7_BHbox: 220,951,48,35
O7_BHflyroom: 129,983,60,36
O7_BH09: 137,943,48,35
O7_BH10: 69,879,64,97
GATE_O7_O8: 10,870,48,35
O7_memory: 355,804,48,35
O7_noideas: 1057,748,48,39
O7_noideas2: 1051,700,62,39
O7_noideas3: 993,753,48,35
O7_batflyideas: 1246,702,52,37
